exp_major_s30x10_d10x10
(_30,_10):(_10,_10)
        0     1     2     3     4     5     6     7     8     9 
    +-----+-----+-----+-----+-----+-----+-----+-----+-----+-----+
 0  |   0 |  10 |  20 |  30 |  40 |  50 |  60 |  70 |  80 |  90 |
    +-----+-----+-----+-----+-----+-----+-----+-----+-----+-----+
 1  |  10 |  20 |  30 |  40 |  50 |  60 |  70 |  80 |  90 | 100 |
    +-----+-----+-----+-----+-----+-----+-----+-----+-----+-----+
 2  |  20 |  30 |  40 |  50 |  60 |  70 |  80 |  90 | 100 | 110 |
    +-----+-----+-----+-----+-----+-----+-----+-----+-----+-----+
 3  |  30 |  40 |  50 |  60 |  70 |  80 |  90 | 100 | 110 | 120 |
    +-----+-----+-----+-----+-----+-----+-----+-----+-----+-----+
 4  |  40 |  50 |  60 |  70 |  80 |  90 | 100 | 110 | 120 | 130 |
    +-----+-----+-----+-----+-----+-----+-----+-----+-----+-----+
 5  |  50 |  60 |  70 |  80 |  90 | 100 | 110 | 120 | 130 | 140 |
    +-----+-----+-----+-----+-----+-----+-----+-----+-----+-----+
 6  |  60 |  70 |  80 |  90 | 100 | 110 | 120 | 130 | 140 | 150 |
    +-----+-----+-----+-----+-----+-----+-----+-----+-----+-----+
 7  |  70 |  80 |  90 | 100 | 110 | 120 | 130 | 140 | 150 | 160 |
    +-----+-----+-----+-----+-----+-----+-----+-----+-----+-----+
 8  |  80 |  90 | 100 | 110 | 120 | 130 | 140 | 150 | 160 | 170 |
    +-----+-----+-----+-----+-----+-----+-----+-----+-----+-----+
 9  |  90 | 100 | 110 | 120 | 130 | 140 | 150 | 160 | 170 | 180 |
    +-----+-----+-----+-----+-----+-----+-----+-----+-----+-----+
10  | 100 | 110 | 120 | 130 | 140 | 150 | 160 | 170 | 180 | 190 |
    +-----+-----+-----+-----+-----+-----+-----+-----+-----+-----+
11  | 110 | 120 | 130 | 140 | 150 | 160 | 170 | 180 | 190 | 200 |
    +-----+-----+-----+-----+-----+-----+-----+-----+-----+-----+
12  | 120 | 130 | 140 | 150 | 160 | 170 | 180 | 190 | 200 | 210 |
    +-----+-----+-----+-----+-----+-----+-----+-----+-----+-----+
13  | 130 | 140 | 150 | 160 | 170 | 180 | 190 | 200 | 210 | 220 |
    +-----+-----+-----+-----+-----+-----+-----+-----+-----+-----+
14  | 140 | 150 | 160 | 170 | 180 | 190 | 200 | 210 | 220 | 230 |
    +-----+-----+-----+-----+-----+-----+-----+-----+-----+-----+
15  | 150 | 160 | 170 | 180 | 190 | 200 | 210 | 220 | 230 | 240 |
    +-----+-----+-----+-----+-----+-----+-----+-----+-----+-----+
16  | 160 | 170 | 180 | 190 | 200 | 210 | 220 | 230 | 240 | 250 |
    +-----+-----+-----+-----+-----+-----+-----+-----+-----+-----+
17  | 170 | 180 | 190 | 200 | 210 | 220 | 230 | 240 | 250 | 260 |
    +-----+-----+-----+-----+-----+-----+-----+-----+-----+-----+
18  | 180 | 190 | 200 | 210 | 220 | 230 | 240 | 250 | 260 | 270 |
    +-----+-----+-----+-----+-----+-----+-----+-----+-----+-----+
19  | 190 | 200 | 210 | 220 | 230 | 240 | 250 | 260 | 270 | 280 |
    +-----+-----+-----+-----+-----+-----+-----+-----+-----+-----+
20  | 200 | 210 | 220 | 230 | 240 | 250 | 260 | 270 | 280 | 290 |
    +-----+-----+-----+-----+-----+-----+-----+-----+-----+-----+
21  | 210 | 220 | 230 | 240 | 250 | 260 | 270 | 280 | 290 | 300 |
    +-----+-----+-----+-----+-----+-----+-----+-----+-----+-----+
22  | 220 | 230 | 240 | 250 | 260 | 270 | 280 | 290 | 300 | 310 |
    +-----+-----+-----+-----+-----+-----+-----+-----+-----+-----+
23  | 230 | 240 | 250 | 260 | 270 | 280 | 290 | 300 | 310 | 320 |
    +-----+-----+-----+-----+-----+-----+-----+-----+-----+-----+
24  | 240 | 250 | 260 | 270 | 280 | 290 | 300 | 310 | 320 | 330 |
    +-----+-----+-----+-----+-----+-----+-----+-----+-----+-----+
25  | 250 | 260 | 270 | 280 | 290 | 300 | 310 | 320 | 330 | 340 |
    +-----+-----+-----+-----+-----+-----+-----+-----+-----+-----+
26  | 260 | 270 | 280 | 290 | 300 | 310 | 320 | 330 | 340 | 350 |
    +-----+-----+-----+-----+-----+-----+-----+-----+-----+-----+
27  | 270 | 280 | 290 | 300 | 310 | 320 | 330 | 340 | 350 | 360 |
    +-----+-----+-----+-----+-----+-----+-----+-----+-----+-----+
28  | 280 | 290 | 300 | 310 | 320 | 330 | 340 | 350 | 360 | 370 |
    +-----+-----+-----+-----+-----+-----+-----+-----+-----+-----+
29  | 290 | 300 | 310 | 320 | 330 | 340 | 350 | 360 | 370 | 380 |
    +-----+-----+-----+-----+-----+-----+-----+-----+-----+-----+
exp_major_s30x10_d10x5
(_30,_10):(_10,_5)
        0     1     2     3     4     5     6     7     8     9 
    +-----+-----+-----+-----+-----+-----+-----+-----+-----+-----+
 0  |   0 |   5 |  10 |  15 |  20 |  25 |  30 |  35 |  40 |  45 |
    +-----+-----+-----+-----+-----+-----+-----+-----+-----+-----+
 1  |  10 |  15 |  20 |  25 |  30 |  35 |  40 |  45 |  50 |  55 |
    +-----+-----+-----+-----+-----+-----+-----+-----+-----+-----+
 2  |  20 |  25 |  30 |  35 |  40 |  45 |  50 |  55 |  60 |  65 |
    +-----+-----+-----+-----+-----+-----+-----+-----+-----+-----+
 3  |  30 |  35 |  40 |  45 |  50 |  55 |  60 |  65 |  70 |  75 |
    +-----+-----+-----+-----+-----+-----+-----+-----+-----+-----+
 4  |  40 |  45 |  50 |  55 |  60 |  65 |  70 |  75 |  80 |  85 |
    +-----+-----+-----+-----+-----+-----+-----+-----+-----+-----+
 5  |  50 |  55 |  60 |  65 |  70 |  75 |  80 |  85 |  90 |  95 |
    +-----+-----+-----+-----+-----+-----+-----+-----+-----+-----+
 6  |  60 |  65 |  70 |  75 |  80 |  85 |  90 |  95 | 100 | 105 |
    +-----+-----+-----+-----+-----+-----+-----+-----+-----+-----+
 7  |  70 |  75 |  80 |  85 |  90 |  95 | 100 | 105 | 110 | 115 |
    +-----+-----+-----+-----+-----+-----+-----+-----+-----+-----+
 8  |  80 |  85 |  90 |  95 | 100 | 105 | 110 | 115 | 120 | 125 |
    +-----+-----+-----+-----+-----+-----+-----+-----+-----+-----+
 9  |  90 |  95 | 100 | 105 | 110 | 115 | 120 | 125 | 130 | 135 |
    +-----+-----+-----+-----+-----+-----+-----+-----+-----+-----+
10  | 100 | 105 | 110 | 115 | 120 | 125 | 130 | 135 | 140 | 145 |
    +-----+-----+-----+-----+-----+-----+-----+-----+-----+-----+
11  | 110 | 115 | 120 | 125 | 130 | 135 | 140 | 145 | 150 | 155 |
    +-----+-----+-----+-----+-----+-----+-----+-----+-----+-----+
12  | 120 | 125 | 130 | 135 | 140 | 145 | 150 | 155 | 160 | 165 |
    +-----+-----+-----+-----+-----+-----+-----+-----+-----+-----+
13  | 130 | 135 | 140 | 145 | 150 | 155 | 160 | 165 | 170 | 175 |
    +-----+-----+-----+-----+-----+-----+-----+-----+-----+-----+
14  | 140 | 145 | 150 | 155 | 160 | 165 | 170 | 175 | 180 | 185 |
    +-----+-----+-----+-----+-----+-----+-----+-----+-----+-----+
15  | 150 | 155 | 160 | 165 | 170 | 175 | 180 | 185 | 190 | 195 |
    +-----+-----+-----+-----+-----+-----+-----+-----+-----+-----+
16  | 160 | 165 | 170 | 175 | 180 | 185 | 190 | 195 | 200 | 205 |
    +-----+-----+-----+-----+-----+-----+-----+-----+-----+-----+
17  | 170 | 175 | 180 | 185 | 190 | 195 | 200 | 205 | 210 | 215 |
    +-----+-----+-----+-----+-----+-----+-----+-----+-----+-----+
18  | 180 | 185 | 190 | 195 | 200 | 205 | 210 | 215 | 220 | 225 |
    +-----+-----+-----+-----+-----+-----+-----+-----+-----+-----+
19  | 190 | 195 | 200 | 205 | 210 | 215 | 220 | 225 | 230 | 235 |
    +-----+-----+-----+-----+-----+-----+-----+-----+-----+-----+
20  | 200 | 205 | 210 | 215 | 220 | 225 | 230 | 235 | 240 | 245 |
    +-----+-----+-----+-----+-----+-----+-----+-----+-----+-----+
21  | 210 | 215 | 220 | 225 | 230 | 235 | 240 | 245 | 250 | 255 |
    +-----+-----+-----+-----+-----+-----+-----+-----+-----+-----+
22  | 220 | 225 | 230 | 235 | 240 | 245 | 250 | 255 | 260 | 265 |
    +-----+-----+-----+-----+-----+-----+-----+-----+-----+-----+
23  | 230 | 235 | 240 | 245 | 250 | 255 | 260 | 265 | 270 | 275 |
    +-----+-----+-----+-----+-----+-----+-----+-----+-----+-----+
24  | 240 | 245 | 250 | 255 | 260 | 265 | 270 | 275 | 280 | 285 |
    +-----+-----+-----+-----+-----+-----+-----+-----+-----+-----+
25  | 250 | 255 | 260 | 265 | 270 | 275 | 280 | 285 | 290 | 295 |
    +-----+-----+-----+-----+-----+-----+-----+-----+-----+-----+
26  | 260 | 265 | 270 | 275 | 280 | 285 | 290 | 295 | 300 | 305 |
    +-----+-----+-----+-----+-----+-----+-----+-----+-----+-----+
27  | 270 | 275 | 280 | 285 | 290 | 295 | 300 | 305 | 310 | 315 |
    +-----+-----+-----+-----+-----+-----+-----+-----+-----+-----+
28  | 280 | 285 | 290 | 295 | 300 | 305 | 310 | 315 | 320 | 325 |
    +-----+-----+-----+-----+-----+-----+-----+-----+-----+-----+
29  | 290 | 295 | 300 | 305 | 310 | 315 | 320 | 325 | 330 | 335 |
    +-----+-----+-----+-----+-----+-----+-----+-----+-----+-----+
exp_major_s30x10_d5x10
(_30,_10):(_5,_10)
        0     1     2     3     4     5     6     7     8     9 
    +-----+-----+-----+-----+-----+-----+-----+-----+-----+-----+
 0  |   0 |  10 |  20 |  30 |  40 |  50 |  60 |  70 |  80 |  90 |
    +-----+-----+-----+-----+-----+-----+-----+-----+-----+-----+
 1  |   5 |  15 |  25 |  35 |  45 |  55 |  65 |  75 |  85 |  95 |
    +-----+-----+-----+-----+-----+-----+-----+-----+-----+-----+
 2  |  10 |  20 |  30 |  40 |  50 |  60 |  70 |  80 |  90 | 100 |
    +-----+-----+-----+-----+-----+-----+-----+-----+-----+-----+
 3  |  15 |  25 |  35 |  45 |  55 |  65 |  75 |  85 |  95 | 105 |
    +-----+-----+-----+-----+-----+-----+-----+-----+-----+-----+
 4  |  20 |  30 |  40 |  50 |  60 |  70 |  80 |  90 | 100 | 110 |
    +-----+-----+-----+-----+-----+-----+-----+-----+-----+-----+
 5  |  25 |  35 |  45 |  55 |  65 |  75 |  85 |  95 | 105 | 115 |
    +-----+-----+-----+-----+-----+-----+-----+-----+-----+-----+
 6  |  30 |  40 |  50 |  60 |  70 |  80 |  90 | 100 | 110 | 120 |
    +-----+-----+-----+-----+-----+-----+-----+-----+-----+-----+
 7  |  35 |  45 |  55 |  65 |  75 |  85 |  95 | 105 | 115 | 125 |
    +-----+-----+-----+-----+-----+-----+-----+-----+-----+-----+
 8  |  40 |  50 |  60 |  70 |  80 |  90 | 100 | 110 | 120 | 130 |
    +-----+-----+-----+-----+-----+-----+-----+-----+-----+-----+
 9  |  45 |  55 |  65 |  75 |  85 |  95 | 105 | 115 | 125 | 135 |
    +-----+-----+-----+-----+-----+-----+-----+-----+-----+-----+
10  |  50 |  60 |  70 |  80 |  90 | 100 | 110 | 120 | 130 | 140 |
    +-----+-----+-----+-----+-----+-----+-----+-----+-----+-----+
11  |  55 |  65 |  75 |  85 |  95 | 105 | 115 | 125 | 135 | 145 |
    +-----+-----+-----+-----+-----+-----+-----+-----+-----+-----+
12  |  60 |  70 |  80 |  90 | 100 | 110 | 120 | 130 | 140 | 150 |
    +-----+-----+-----+-----+-----+-----+-----+-----+-----+-----+
13  |  65 |  75 |  85 |  95 | 105 | 115 | 125 | 135 | 145 | 155 |
    +-----+-----+-----+-----+-----+-----+-----+-----+-----+-----+
14  |  70 |  80 |  90 | 100 | 110 | 120 | 130 | 140 | 150 | 160 |
    +-----+-----+-----+-----+-----+-----+-----+-----+-----+-----+
15  |  75 |  85 |  95 | 105 | 115 | 125 | 135 | 145 | 155 | 165 |
    +-----+-----+-----+-----+-----+-----+-----+-----+-----+-----+
16  |  80 |  90 | 100 | 110 | 120 | 130 | 140 | 150 | 160 | 170 |
    +-----+-----+-----+-----+-----+-----+-----+-----+-----+-----+
17  |  85 |  95 | 105 | 115 | 125 | 135 | 145 | 155 | 165 | 175 |
    +-----+-----+-----+-----+-----+-----+-----+-----+-----+-----+
18  |  90 | 100 | 110 | 120 | 130 | 140 | 150 | 160 | 170 | 180 |
    +-----+-----+-----+-----+-----+-----+-----+-----+-----+-----+
19  |  95 | 105 | 115 | 125 | 135 | 145 | 155 | 165 | 175 | 185 |
    +-----+-----+-----+-----+-----+-----+-----+-----+-----+-----+
20  | 100 | 110 | 120 | 130 | 140 | 150 | 160 | 170 | 180 | 190 |
    +-----+-----+-----+-----+-----+-----+-----+-----+-----+-----+
21  | 105 | 115 | 125 | 135 | 145 | 155 | 165 | 175 | 185 | 195 |
    +-----+-----+-----+-----+-----+-----+-----+-----+-----+-----+
22  | 110 | 120 | 130 | 140 | 150 | 160 | 170 | 180 | 190 | 200 |
    +-----+-----+-----+-----+-----+-----+-----+-----+-----+-----+
23  | 115 | 125 | 135 | 145 | 155 | 165 | 175 | 185 | 195 | 205 |
    +-----+-----+-----+-----+-----+-----+-----+-----+-----+-----+
24  | 120 | 130 | 140 | 150 | 160 | 170 | 180 | 190 | 200 | 210 |
    +-----+-----+-----+-----+-----+-----+-----+-----+-----+-----+
25  | 125 | 135 | 145 | 155 | 165 | 175 | 185 | 195 | 205 | 215 |
    +-----+-----+-----+-----+-----+-----+-----+-----+-----+-----+
26  | 130 | 140 | 150 | 160 | 170 | 180 | 190 | 200 | 210 | 220 |
    +-----+-----+-----+-----+-----+-----+-----+-----+-----+-----+
27  | 135 | 145 | 155 | 165 | 175 | 185 | 195 | 205 | 215 | 225 |
    +-----+-----+-----+-----+-----+-----+-----+-----+-----+-----+
28  | 140 | 150 | 160 | 170 | 180 | 190 | 200 | 210 | 220 | 230 |
    +-----+-----+-----+-----+-----+-----+-----+-----+-----+-----+
29  | 145 | 155 | 165 | 175 | 185 | 195 | 205 | 215 | 225 | 235 |
    +-----+-----+-----+-----+-----+-----+-----+-----+-----+-----+
exp_major_s10x30_d10x10
(_10,_30):(_10,_10)
        0     1     2     3     4     5     6     7     8     9    10    11    12    13    14    15    16    17    18    19    20    21    22    23    24    25    26    27    28    29 
    +-----+-----+-----+-----+-----+-----+-----+-----+-----+-----+-----+-----+-----+-----+-----+-----+-----+-----+-----+-----+-----+-----+-----+-----+-----+-----+-----+-----+-----+-----+
 0  |   0 |  10 |  20 |  30 |  40 |  50 |  60 |  70 |  80 |  90 | 100 | 110 | 120 | 130 | 140 | 150 | 160 | 170 | 180 | 190 | 200 | 210 | 220 | 230 | 240 | 250 | 260 | 270 | 280 | 290 |
    +-----+-----+-----+-----+-----+-----+-----+-----+-----+-----+-----+-----+-----+-----+-----+-----+-----+-----+-----+-----+-----+-----+-----+-----+-----+-----+-----+-----+-----+-----+
 1  |  10 |  20 |  30 |  40 |  50 |  60 |  70 |  80 |  90 | 100 | 110 | 120 | 130 | 140 | 150 | 160 | 170 | 180 | 190 | 200 | 210 | 220 | 230 | 240 | 250 | 260 | 270 | 280 | 290 | 300 |
    +-----+-----+-----+-----+-----+-----+-----+-----+-----+-----+-----+-----+-----+-----+-----+-----+-----+-----+-----+-----+-----+-----+-----+-----+-----+-----+-----+-----+-----+-----+
 2  |  20 |  30 |  40 |  50 |  60 |  70 |  80 |  90 | 100 | 110 | 120 | 130 | 140 | 150 | 160 | 170 | 180 | 190 | 200 | 210 | 220 | 230 | 240 | 250 | 260 | 270 | 280 | 290 | 300 | 310 |
    +-----+-----+-----+-----+-----+-----+-----+-----+-----+-----+-----+-----+-----+-----+-----+-----+-----+-----+-----+-----+-----+-----+-----+-----+-----+-----+-----+-----+-----+-----+
 3  |  30 |  40 |  50 |  60 |  70 |  80 |  90 | 100 | 110 | 120 | 130 | 140 | 150 | 160 | 170 | 180 | 190 | 200 | 210 | 220 | 230 | 240 | 250 | 260 | 270 | 280 | 290 | 300 | 310 | 320 |
    +-----+-----+-----+-----+-----+-----+-----+-----+-----+-----+-----+-----+-----+-----+-----+-----+-----+-----+-----+-----+-----+-----+-----+-----+-----+-----+-----+-----+-----+-----+
 4  |  40 |  50 |  60 |  70 |  80 |  90 | 100 | 110 | 120 | 130 | 140 | 150 | 160 | 170 | 180 | 190 | 200 | 210 | 220 | 230 | 240 | 250 | 260 | 270 | 280 | 290 | 300 | 310 | 320 | 330 |
    +-----+-----+-----+-----+-----+-----+-----+-----+-----+-----+-----+-----+-----+-----+-----+-----+-----+-----+-----+-----+-----+-----+-----+-----+-----+-----+-----+-----+-----+-----+
 5  |  50 |  60 |  70 |  80 |  90 | 100 | 110 | 120 | 130 | 140 | 150 | 160 | 170 | 180 | 190 | 200 | 210 | 220 | 230 | 240 | 250 | 260 | 270 | 280 | 290 | 300 | 310 | 320 | 330 | 340 |
    +-----+-----+-----+-----+-----+-----+-----+-----+-----+-----+-----+-----+-----+-----+-----+-----+-----+-----+-----+-----+-----+-----+-----+-----+-----+-----+-----+-----+-----+-----+
 6  |  60 |  70 |  80 |  90 | 100 | 110 | 120 | 130 | 140 | 150 | 160 | 170 | 180 | 190 | 200 | 210 | 220 | 230 | 240 | 250 | 260 | 270 | 280 | 290 | 300 | 310 | 320 | 330 | 340 | 350 |
    +-----+-----+-----+-----+-----+-----+-----+-----+-----+-----+-----+-----+-----+-----+-----+-----+-----+-----+-----+-----+-----+-----+-----+-----+-----+-----+-----+-----+-----+-----+
 7  |  70 |  80 |  90 | 100 | 110 | 120 | 130 | 140 | 150 | 160 | 170 | 180 | 190 | 200 | 210 | 220 | 230 | 240 | 250 | 260 | 270 | 280 | 290 | 300 | 310 | 320 | 330 | 340 | 350 | 360 |
    +-----+-----+-----+-----+-----+-----+-----+-----+-----+-----+-----+-----+-----+-----+-----+-----+-----+-----+-----+-----+-----+-----+-----+-----+-----+-----+-----+-----+-----+-----+
 8  |  80 |  90 | 100 | 110 | 120 | 130 | 140 | 150 | 160 | 170 | 180 | 190 | 200 | 210 | 220 | 230 | 240 | 250 | 260 | 270 | 280 | 290 | 300 | 310 | 320 | 330 | 340 | 350 | 360 | 370 |
    +-----+-----+-----+-----+-----+-----+-----+-----+-----+-----+-----+-----+-----+-----+-----+-----+-----+-----+-----+-----+-----+-----+-----+-----+-----+-----+-----+-----+-----+-----+
 9  |  90 | 100 | 110 | 120 | 130 | 140 | 150 | 160 | 170 | 180 | 190 | 200 | 210 | 220 | 230 | 240 | 250 | 260 | 270 | 280 | 290 | 300 | 310 | 320 | 330 | 340 | 350 | 360 | 370 | 380 |
    +-----+-----+-----+-----+-----+-----+-----+-----+-----+-----+-----+-----+-----+-----+-----+-----+-----+-----+-----+-----+-----+-----+-----+-----+-----+-----+-----+-----+-----+-----+
exp_major_s10x30_d10x5
(_10,_30):(_10,_5)
        0     1     2     3     4     5     6     7     8     9    10    11    12    13    14    15    16    17    18    19    20    21    22    23    24    25    26    27    28    29 
    +-----+-----+-----+-----+-----+-----+-----+-----+-----+-----+-----+-----+-----+-----+-----+-----+-----+-----+-----+-----+-----+-----+-----+-----+-----+-----+-----+-----+-----+-----+
 0  |   0 |   5 |  10 |  15 |  20 |  25 |  30 |  35 |  40 |  45 |  50 |  55 |  60 |  65 |  70 |  75 |  80 |  85 |  90 |  95 | 100 | 105 | 110 | 115 | 120 | 125 | 130 | 135 | 140 | 145 |
    +-----+-----+-----+-----+-----+-----+-----+-----+-----+-----+-----+-----+-----+-----+-----+-----+-----+-----+-----+-----+-----+-----+-----+-----+-----+-----+-----+-----+-----+-----+
 1  |  10 |  15 |  20 |  25 |  30 |  35 |  40 |  45 |  50 |  55 |  60 |  65 |  70 |  75 |  80 |  85 |  90 |  95 | 100 | 105 | 110 | 115 | 120 | 125 | 130 | 135 | 140 | 145 | 150 | 155 |
    +-----+-----+-----+-----+-----+-----+-----+-----+-----+-----+-----+-----+-----+-----+-----+-----+-----+-----+-----+-----+-----+-----+-----+-----+-----+-----+-----+-----+-----+-----+
 2  |  20 |  25 |  30 |  35 |  40 |  45 |  50 |  55 |  60 |  65 |  70 |  75 |  80 |  85 |  90 |  95 | 100 | 105 | 110 | 115 | 120 | 125 | 130 | 135 | 140 | 145 | 150 | 155 | 160 | 165 |
    +-----+-----+-----+-----+-----+-----+-----+-----+-----+-----+-----+-----+-----+-----+-----+-----+-----+-----+-----+-----+-----+-----+-----+-----+-----+-----+-----+-----+-----+-----+
 3  |  30 |  35 |  40 |  45 |  50 |  55 |  60 |  65 |  70 |  75 |  80 |  85 |  90 |  95 | 100 | 105 | 110 | 115 | 120 | 125 | 130 | 135 | 140 | 145 | 150 | 155 | 160 | 165 | 170 | 175 |
    +-----+-----+-----+-----+-----+-----+-----+-----+-----+-----+-----+-----+-----+-----+-----+-----+-----+-----+-----+-----+-----+-----+-----+-----+-----+-----+-----+-----+-----+-----+
 4  |  40 |  45 |  50 |  55 |  60 |  65 |  70 |  75 |  80 |  85 |  90 |  95 | 100 | 105 | 110 | 115 | 120 | 125 | 130 | 135 | 140 | 145 | 150 | 155 | 160 | 165 | 170 | 175 | 180 | 185 |
    +-----+-----+-----+-----+-----+-----+-----+-----+-----+-----+-----+-----+-----+-----+-----+-----+-----+-----+-----+-----+-----+-----+-----+-----+-----+-----+-----+-----+-----+-----+
 5  |  50 |  55 |  60 |  65 |  70 |  75 |  80 |  85 |  90 |  95 | 100 | 105 | 110 | 115 | 120 | 125 | 130 | 135 | 140 | 145 | 150 | 155 | 160 | 165 | 170 | 175 | 180 | 185 | 190 | 195 |
    +-----+-----+-----+-----+-----+-----+-----+-----+-----+-----+-----+-----+-----+-----+-----+-----+-----+-----+-----+-----+-----+-----+-----+-----+-----+-----+-----+-----+-----+-----+
 6  |  60 |  65 |  70 |  75 |  80 |  85 |  90 |  95 | 100 | 105 | 110 | 115 | 120 | 125 | 130 | 135 | 140 | 145 | 150 | 155 | 160 | 165 | 170 | 175 | 180 | 185 | 190 | 195 | 200 | 205 |
    +-----+-----+-----+-----+-----+-----+-----+-----+-----+-----+-----+-----+-----+-----+-----+-----+-----+-----+-----+-----+-----+-----+-----+-----+-----+-----+-----+-----+-----+-----+
 7  |  70 |  75 |  80 |  85 |  90 |  95 | 100 | 105 | 110 | 115 | 120 | 125 | 130 | 135 | 140 | 145 | 150 | 155 | 160 | 165 | 170 | 175 | 180 | 185 | 190 | 195 | 200 | 205 | 210 | 215 |
    +-----+-----+-----+-----+-----+-----+-----+-----+-----+-----+-----+-----+-----+-----+-----+-----+-----+-----+-----+-----+-----+-----+-----+-----+-----+-----+-----+-----+-----+-----+
 8  |  80 |  85 |  90 |  95 | 100 | 105 | 110 | 115 | 120 | 125 | 130 | 135 | 140 | 145 | 150 | 155 | 160 | 165 | 170 | 175 | 180 | 185 | 190 | 195 | 200 | 205 | 210 | 215 | 220 | 225 |
    +-----+-----+-----+-----+-----+-----+-----+-----+-----+-----+-----+-----+-----+-----+-----+-----+-----+-----+-----+-----+-----+-----+-----+-----+-----+-----+-----+-----+-----+-----+
 9  |  90 |  95 | 100 | 105 | 110 | 115 | 120 | 125 | 130 | 135 | 140 | 145 | 150 | 155 | 160 | 165 | 170 | 175 | 180 | 185 | 190 | 195 | 200 | 205 | 210 | 215 | 220 | 225 | 230 | 235 |
    +-----+-----+-----+-----+-----+-----+-----+-----+-----+-----+-----+-----+-----+-----+-----+-----+-----+-----+-----+-----+-----+-----+-----+-----+-----+-----+-----+-----+-----+-----+
exp_major_s10x30_d1x1
(_10,_30):(_1,_1)
       0    1    2    3    4    5    6    7    8    9   10   11   12   13   14   15   16   17   18   19   20   21   22   23   24   25   26   27   28   29 
    +----+----+----+----+----+----+----+----+----+----+----+----+----+----+----+----+----+----+----+----+----+----+----+----+----+----+----+----+----+----+
 0  |  0 |  1 |  2 |  3 |  4 |  5 |  6 |  7 |  8 |  9 | 10 | 11 | 12 | 13 | 14 | 15 | 16 | 17 | 18 | 19 | 20 | 21 | 22 | 23 | 24 | 25 | 26 | 27 | 28 | 29 |
    +----+----+----+----+----+----+----+----+----+----+----+----+----+----+----+----+----+----+----+----+----+----+----+----+----+----+----+----+----+----+
 1  |  1 |  2 |  3 |  4 |  5 |  6 |  7 |  8 |  9 | 10 | 11 | 12 | 13 | 14 | 15 | 16 | 17 | 18 | 19 | 20 | 21 | 22 | 23 | 24 | 25 | 26 | 27 | 28 | 29 | 30 |
    +----+----+----+----+----+----+----+----+----+----+----+----+----+----+----+----+----+----+----+----+----+----+----+----+----+----+----+----+----+----+
 2  |  2 |  3 |  4 |  5 |  6 |  7 |  8 |  9 | 10 | 11 | 12 | 13 | 14 | 15 | 16 | 17 | 18 | 19 | 20 | 21 | 22 | 23 | 24 | 25 | 26 | 27 | 28 | 29 | 30 | 31 |
    +----+----+----+----+----+----+----+----+----+----+----+----+----+----+----+----+----+----+----+----+----+----+----+----+----+----+----+----+----+----+
 3  |  3 |  4 |  5 |  6 |  7 |  8 |  9 | 10 | 11 | 12 | 13 | 14 | 15 | 16 | 17 | 18 | 19 | 20 | 21 | 22 | 23 | 24 | 25 | 26 | 27 | 28 | 29 | 30 | 31 | 32 |
    +----+----+----+----+----+----+----+----+----+----+----+----+----+----+----+----+----+----+----+----+----+----+----+----+----+----+----+----+----+----+
 4  |  4 |  5 |  6 |  7 |  8 |  9 | 10 | 11 | 12 | 13 | 14 | 15 | 16 | 17 | 18 | 19 | 20 | 21 | 22 | 23 | 24 | 25 | 26 | 27 | 28 | 29 | 30 | 31 | 32 | 33 |
    +----+----+----+----+----+----+----+----+----+----+----+----+----+----+----+----+----+----+----+----+----+----+----+----+----+----+----+----+----+----+
 5  |  5 |  6 |  7 |  8 |  9 | 10 | 11 | 12 | 13 | 14 | 15 | 16 | 17 | 18 | 19 | 20 | 21 | 22 | 23 | 24 | 25 | 26 | 27 | 28 | 29 | 30 | 31 | 32 | 33 | 34 |
    +----+----+----+----+----+----+----+----+----+----+----+----+----+----+----+----+----+----+----+----+----+----+----+----+----+----+----+----+----+----+
 6  |  6 |  7 |  8 |  9 | 10 | 11 | 12 | 13 | 14 | 15 | 16 | 17 | 18 | 19 | 20 | 21 | 22 | 23 | 24 | 25 | 26 | 27 | 28 | 29 | 30 | 31 | 32 | 33 | 34 | 35 |
    +----+----+----+----+----+----+----+----+----+----+----+----+----+----+----+----+----+----+----+----+----+----+----+----+----+----+----+----+----+----+
 7  |  7 |  8 |  9 | 10 | 11 | 12 | 13 | 14 | 15 | 16 | 17 | 18 | 19 | 20 | 21 | 22 | 23 | 24 | 25 | 26 | 27 | 28 | 29 | 30 | 31 | 32 | 33 | 34 | 35 | 36 |
    +----+----+----+----+----+----+----+----+----+----+----+----+----+----+----+----+----+----+----+----+----+----+----+----+----+----+----+----+----+----+
 8  |  8 |  9 | 10 | 11 | 12 | 13 | 14 | 15 | 16 | 17 | 18 | 19 | 20 | 21 | 22 | 23 | 24 | 25 | 26 | 27 | 28 | 29 | 30 | 31 | 32 | 33 | 34 | 35 | 36 | 37 |
    +----+----+----+----+----+----+----+----+----+----+----+----+----+----+----+----+----+----+----+----+----+----+----+----+----+----+----+----+----+----+
 9  |  9 | 10 | 11 | 12 | 13 | 14 | 15 | 16 | 17 | 18 | 19 | 20 | 21 | 22 | 23 | 24 | 25 | 26 | 27 | 28 | 29 | 30 | 31 | 32 | 33 | 34 | 35 | 36 | 37 | 38 |
    +----+----+----+----+----+----+----+----+----+----+----+----+----+----+----+----+----+----+----+----+----+----+----+----+----+----+----+----+----+----+
