row_major_30x10
(_30,_10):(_10,_1)
        0     1     2     3     4     5     6     7     8     9 
    +-----+-----+-----+-----+-----+-----+-----+-----+-----+-----+
 0  |   0 |   1 |   2 |   3 |   4 |   5 |   6 |   7 |   8 |   9 |
    +-----+-----+-----+-----+-----+-----+-----+-----+-----+-----+
 1  |  10 |  11 |  12 |  13 |  14 |  15 |  16 |  17 |  18 |  19 |
    +-----+-----+-----+-----+-----+-----+-----+-----+-----+-----+
 2  |  20 |  21 |  22 |  23 |  24 |  25 |  26 |  27 |  28 |  29 |
    +-----+-----+-----+-----+-----+-----+-----+-----+-----+-----+
 3  |  30 |  31 |  32 |  33 |  34 |  35 |  36 |  37 |  38 |  39 |
    +-----+-----+-----+-----+-----+-----+-----+-----+-----+-----+
 4  |  40 |  41 |  42 |  43 |  44 |  45 |  46 |  47 |  48 |  49 |
    +-----+-----+-----+-----+-----+-----+-----+-----+-----+-----+
 5  |  50 |  51 |  52 |  53 |  54 |  55 |  56 |  57 |  58 |  59 |
    +-----+-----+-----+-----+-----+-----+-----+-----+-----+-----+
 6  |  60 |  61 |  62 |  63 |  64 |  65 |  66 |  67 |  68 |  69 |
    +-----+-----+-----+-----+-----+-----+-----+-----+-----+-----+
 7  |  70 |  71 |  72 |  73 |  74 |  75 |  76 |  77 |  78 |  79 |
    +-----+-----+-----+-----+-----+-----+-----+-----+-----+-----+
 8  |  80 |  81 |  82 |  83 |  84 |  85 |  86 |  87 |  88 |  89 |
    +-----+-----+-----+-----+-----+-----+-----+-----+-----+-----+
 9  |  90 |  91 |  92 |  93 |  94 |  95 |  96 |  97 |  98 |  99 |
    +-----+-----+-----+-----+-----+-----+-----+-----+-----+-----+
10  | 100 | 101 | 102 | 103 | 104 | 105 | 106 | 107 | 108 | 109 |
    +-----+-----+-----+-----+-----+-----+-----+-----+-----+-----+
11  | 110 | 111 | 112 | 113 | 114 | 115 | 116 | 117 | 118 | 119 |
    +-----+-----+-----+-----+-----+-----+-----+-----+-----+-----+
12  | 120 | 121 | 122 | 123 | 124 | 125 | 126 | 127 | 128 | 129 |
    +-----+-----+-----+-----+-----+-----+-----+-----+-----+-----+
13  | 130 | 131 | 132 | 133 | 134 | 135 | 136 | 137 | 138 | 139 |
    +-----+-----+-----+-----+-----+-----+-----+-----+-----+-----+
14  | 140 | 141 | 142 | 143 | 144 | 145 | 146 | 147 | 148 | 149 |
    +-----+-----+-----+-----+-----+-----+-----+-----+-----+-----+
15  | 150 | 151 | 152 | 153 | 154 | 155 | 156 | 157 | 158 | 159 |
    +-----+-----+-----+-----+-----+-----+-----+-----+-----+-----+
16  | 160 | 161 | 162 | 163 | 164 | 165 | 166 | 167 | 168 | 169 |
    +-----+-----+-----+-----+-----+-----+-----+-----+-----+-----+
17  | 170 | 171 | 172 | 173 | 174 | 175 | 176 | 177 | 178 | 179 |
    +-----+-----+-----+-----+-----+-----+-----+-----+-----+-----+
18  | 180 | 181 | 182 | 183 | 184 | 185 | 186 | 187 | 188 | 189 |
    +-----+-----+-----+-----+-----+-----+-----+-----+-----+-----+
19  | 190 | 191 | 192 | 193 | 194 | 195 | 196 | 197 | 198 | 199 |
    +-----+-----+-----+-----+-----+-----+-----+-----+-----+-----+
20  | 200 | 201 | 202 | 203 | 204 | 205 | 206 | 207 | 208 | 209 |
    +-----+-----+-----+-----+-----+-----+-----+-----+-----+-----+
21  | 210 | 211 | 212 | 213 | 214 | 215 | 216 | 217 | 218 | 219 |
    +-----+-----+-----+-----+-----+-----+-----+-----+-----+-----+
22  | 220 | 221 | 222 | 223 | 224 | 225 | 226 | 227 | 228 | 229 |
    +-----+-----+-----+-----+-----+-----+-----+-----+-----+-----+
23  | 230 | 231 | 232 | 233 | 234 | 235 | 236 | 237 | 238 | 239 |
    +-----+-----+-----+-----+-----+-----+-----+-----+-----+-----+
24  | 240 | 241 | 242 | 243 | 244 | 245 | 246 | 247 | 248 | 249 |
    +-----+-----+-----+-----+-----+-----+-----+-----+-----+-----+
25  | 250 | 251 | 252 | 253 | 254 | 255 | 256 | 257 | 258 | 259 |
    +-----+-----+-----+-----+-----+-----+-----+-----+-----+-----+
26  | 260 | 261 | 262 | 263 | 264 | 265 | 266 | 267 | 268 | 269 |
    +-----+-----+-----+-----+-----+-----+-----+-----+-----+-----+
27  | 270 | 271 | 272 | 273 | 274 | 275 | 276 | 277 | 278 | 279 |
    +-----+-----+-----+-----+-----+-----+-----+-----+-----+-----+
28  | 280 | 281 | 282 | 283 | 284 | 285 | 286 | 287 | 288 | 289 |
    +-----+-----+-----+-----+-----+-----+-----+-----+-----+-----+
29  | 290 | 291 | 292 | 293 | 294 | 295 | 296 | 297 | 298 | 299 |
    +-----+-----+-----+-----+-----+-----+-----+-----+-----+-----+
row_major_30x10__15x2_5x2
((_15,_2),(_5,_2)):((_20,_10),(_2,_1))
        0     1     2     3     4     5     6     7     8     9 
    +-----+-----+-----+-----+-----+-----+-----+-----+-----+-----+
 0  |   0 |   2 |   4 |   6 |   8 |   1 |   3 |   5 |   7 |   9 |
    +-----+-----+-----+-----+-----+-----+-----+-----+-----+-----+
 1  |  20 |  22 |  24 |  26 |  28 |  21 |  23 |  25 |  27 |  29 |
    +-----+-----+-----+-----+-----+-----+-----+-----+-----+-----+
 2  |  40 |  42 |  44 |  46 |  48 |  41 |  43 |  45 |  47 |  49 |
    +-----+-----+-----+-----+-----+-----+-----+-----+-----+-----+
 3  |  60 |  62 |  64 |  66 |  68 |  61 |  63 |  65 |  67 |  69 |
    +-----+-----+-----+-----+-----+-----+-----+-----+-----+-----+
 4  |  80 |  82 |  84 |  86 |  88 |  81 |  83 |  85 |  87 |  89 |
    +-----+-----+-----+-----+-----+-----+-----+-----+-----+-----+
 5  | 100 | 102 | 104 | 106 | 108 | 101 | 103 | 105 | 107 | 109 |
    +-----+-----+-----+-----+-----+-----+-----+-----+-----+-----+
 6  | 120 | 122 | 124 | 126 | 128 | 121 | 123 | 125 | 127 | 129 |
    +-----+-----+-----+-----+-----+-----+-----+-----+-----+-----+
 7  | 140 | 142 | 144 | 146 | 148 | 141 | 143 | 145 | 147 | 149 |
    +-----+-----+-----+-----+-----+-----+-----+-----+-----+-----+
 8  | 160 | 162 | 164 | 166 | 168 | 161 | 163 | 165 | 167 | 169 |
    +-----+-----+-----+-----+-----+-----+-----+-----+-----+-----+
 9  | 180 | 182 | 184 | 186 | 188 | 181 | 183 | 185 | 187 | 189 |
    +-----+-----+-----+-----+-----+-----+-----+-----+-----+-----+
10  | 200 | 202 | 204 | 206 | 208 | 201 | 203 | 205 | 207 | 209 |
    +-----+-----+-----+-----+-----+-----+-----+-----+-----+-----+
11  | 220 | 222 | 224 | 226 | 228 | 221 | 223 | 225 | 227 | 229 |
    +-----+-----+-----+-----+-----+-----+-----+-----+-----+-----+
12  | 240 | 242 | 244 | 246 | 248 | 241 | 243 | 245 | 247 | 249 |
    +-----+-----+-----+-----+-----+-----+-----+-----+-----+-----+
13  | 260 | 262 | 264 | 266 | 268 | 261 | 263 | 265 | 267 | 269 |
    +-----+-----+-----+-----+-----+-----+-----+-----+-----+-----+
14  | 280 | 282 | 284 | 286 | 288 | 281 | 283 | 285 | 287 | 289 |
    +-----+-----+-----+-----+-----+-----+-----+-----+-----+-----+
15  |  10 |  12 |  14 |  16 |  18 |  11 |  13 |  15 |  17 |  19 |
    +-----+-----+-----+-----+-----+-----+-----+-----+-----+-----+
16  |  30 |  32 |  34 |  36 |  38 |  31 |  33 |  35 |  37 |  39 |
    +-----+-----+-----+-----+-----+-----+-----+-----+-----+-----+
17  |  50 |  52 |  54 |  56 |  58 |  51 |  53 |  55 |  57 |  59 |
    +-----+-----+-----+-----+-----+-----+-----+-----+-----+-----+
18  |  70 |  72 |  74 |  76 |  78 |  71 |  73 |  75 |  77 |  79 |
    +-----+-----+-----+-----+-----+-----+-----+-----+-----+-----+
19  |  90 |  92 |  94 |  96 |  98 |  91 |  93 |  95 |  97 |  99 |
    +-----+-----+-----+-----+-----+-----+-----+-----+-----+-----+
20  | 110 | 112 | 114 | 116 | 118 | 111 | 113 | 115 | 117 | 119 |
    +-----+-----+-----+-----+-----+-----+-----+-----+-----+-----+
21  | 130 | 132 | 134 | 136 | 138 | 131 | 133 | 135 | 137 | 139 |
    +-----+-----+-----+-----+-----+-----+-----+-----+-----+-----+
22  | 150 | 152 | 154 | 156 | 158 | 151 | 153 | 155 | 157 | 159 |
    +-----+-----+-----+-----+-----+-----+-----+-----+-----+-----+
23  | 170 | 172 | 174 | 176 | 178 | 171 | 173 | 175 | 177 | 179 |
    +-----+-----+-----+-----+-----+-----+-----+-----+-----+-----+
24  | 190 | 192 | 194 | 196 | 198 | 191 | 193 | 195 | 197 | 199 |
    +-----+-----+-----+-----+-----+-----+-----+-----+-----+-----+
25  | 210 | 212 | 214 | 216 | 218 | 211 | 213 | 215 | 217 | 219 |
    +-----+-----+-----+-----+-----+-----+-----+-----+-----+-----+
26  | 230 | 232 | 234 | 236 | 238 | 231 | 233 | 235 | 237 | 239 |
    +-----+-----+-----+-----+-----+-----+-----+-----+-----+-----+
27  | 250 | 252 | 254 | 256 | 258 | 251 | 253 | 255 | 257 | 259 |
    +-----+-----+-----+-----+-----+-----+-----+-----+-----+-----+
28  | 270 | 272 | 274 | 276 | 278 | 271 | 273 | 275 | 277 | 279 |
    +-----+-----+-----+-----+-----+-----+-----+-----+-----+-----+
29  | 290 | 292 | 294 | 296 | 298 | 291 | 293 | 295 | 297 | 299 |
    +-----+-----+-----+-----+-----+-----+-----+-----+-----+-----+
col_major_30x10
(_30,_10):(_1,_30)
        0     1     2     3     4     5     6     7     8     9 
    +-----+-----+-----+-----+-----+-----+-----+-----+-----+-----+
 0  |   0 |  30 |  60 |  90 | 120 | 150 | 180 | 210 | 240 | 270 |
    +-----+-----+-----+-----+-----+-----+-----+-----+-----+-----+
 1  |   1 |  31 |  61 |  91 | 121 | 151 | 181 | 211 | 241 | 271 |
    +-----+-----+-----+-----+-----+-----+-----+-----+-----+-----+
 2  |   2 |  32 |  62 |  92 | 122 | 152 | 182 | 212 | 242 | 272 |
    +-----+-----+-----+-----+-----+-----+-----+-----+-----+-----+
 3  |   3 |  33 |  63 |  93 | 123 | 153 | 183 | 213 | 243 | 273 |
    +-----+-----+-----+-----+-----+-----+-----+-----+-----+-----+
 4  |   4 |  34 |  64 |  94 | 124 | 154 | 184 | 214 | 244 | 274 |
    +-----+-----+-----+-----+-----+-----+-----+-----+-----+-----+
 5  |   5 |  35 |  65 |  95 | 125 | 155 | 185 | 215 | 245 | 275 |
    +-----+-----+-----+-----+-----+-----+-----+-----+-----+-----+
 6  |   6 |  36 |  66 |  96 | 126 | 156 | 186 | 216 | 246 | 276 |
    +-----+-----+-----+-----+-----+-----+-----+-----+-----+-----+
 7  |   7 |  37 |  67 |  97 | 127 | 157 | 187 | 217 | 247 | 277 |
    +-----+-----+-----+-----+-----+-----+-----+-----+-----+-----+
 8  |   8 |  38 |  68 |  98 | 128 | 158 | 188 | 218 | 248 | 278 |
    +-----+-----+-----+-----+-----+-----+-----+-----+-----+-----+
 9  |   9 |  39 |  69 |  99 | 129 | 159 | 189 | 219 | 249 | 279 |
    +-----+-----+-----+-----+-----+-----+-----+-----+-----+-----+
10  |  10 |  40 |  70 | 100 | 130 | 160 | 190 | 220 | 250 | 280 |
    +-----+-----+-----+-----+-----+-----+-----+-----+-----+-----+
11  |  11 |  41 |  71 | 101 | 131 | 161 | 191 | 221 | 251 | 281 |
    +-----+-----+-----+-----+-----+-----+-----+-----+-----+-----+
12  |  12 |  42 |  72 | 102 | 132 | 162 | 192 | 222 | 252 | 282 |
    +-----+-----+-----+-----+-----+-----+-----+-----+-----+-----+
13  |  13 |  43 |  73 | 103 | 133 | 163 | 193 | 223 | 253 | 283 |
    +-----+-----+-----+-----+-----+-----+-----+-----+-----+-----+
14  |  14 |  44 |  74 | 104 | 134 | 164 | 194 | 224 | 254 | 284 |
    +-----+-----+-----+-----+-----+-----+-----+-----+-----+-----+
15  |  15 |  45 |  75 | 105 | 135 | 165 | 195 | 225 | 255 | 285 |
    +-----+-----+-----+-----+-----+-----+-----+-----+-----+-----+
16  |  16 |  46 |  76 | 106 | 136 | 166 | 196 | 226 | 256 | 286 |
    +-----+-----+-----+-----+-----+-----+-----+-----+-----+-----+
17  |  17 |  47 |  77 | 107 | 137 | 167 | 197 | 227 | 257 | 287 |
    +-----+-----+-----+-----+-----+-----+-----+-----+-----+-----+
18  |  18 |  48 |  78 | 108 | 138 | 168 | 198 | 228 | 258 | 288 |
    +-----+-----+-----+-----+-----+-----+-----+-----+-----+-----+
19  |  19 |  49 |  79 | 109 | 139 | 169 | 199 | 229 | 259 | 289 |
    +-----+-----+-----+-----+-----+-----+-----+-----+-----+-----+
20  |  20 |  50 |  80 | 110 | 140 | 170 | 200 | 230 | 260 | 290 |
    +-----+-----+-----+-----+-----+-----+-----+-----+-----+-----+
21  |  21 |  51 |  81 | 111 | 141 | 171 | 201 | 231 | 261 | 291 |
    +-----+-----+-----+-----+-----+-----+-----+-----+-----+-----+
22  |  22 |  52 |  82 | 112 | 142 | 172 | 202 | 232 | 262 | 292 |
    +-----+-----+-----+-----+-----+-----+-----+-----+-----+-----+
23  |  23 |  53 |  83 | 113 | 143 | 173 | 203 | 233 | 263 | 293 |
    +-----+-----+-----+-----+-----+-----+-----+-----+-----+-----+
24  |  24 |  54 |  84 | 114 | 144 | 174 | 204 | 234 | 264 | 294 |
    +-----+-----+-----+-----+-----+-----+-----+-----+-----+-----+
25  |  25 |  55 |  85 | 115 | 145 | 175 | 205 | 235 | 265 | 295 |
    +-----+-----+-----+-----+-----+-----+-----+-----+-----+-----+
26  |  26 |  56 |  86 | 116 | 146 | 176 | 206 | 236 | 266 | 296 |
    +-----+-----+-----+-----+-----+-----+-----+-----+-----+-----+
27  |  27 |  57 |  87 | 117 | 147 | 177 | 207 | 237 | 267 | 297 |
    +-----+-----+-----+-----+-----+-----+-----+-----+-----+-----+
28  |  28 |  58 |  88 | 118 | 148 | 178 | 208 | 238 | 268 | 298 |
    +-----+-----+-----+-----+-----+-----+-----+-----+-----+-----+
29  |  29 |  59 |  89 | 119 | 149 | 179 | 209 | 239 | 269 | 299 |
    +-----+-----+-----+-----+-----+-----+-----+-----+-----+-----+
col_major_30x10__15x2_5x2
((_15,_2),(_5,_2)):((_1,_15),(_30,_150))
        0     1     2     3     4     5     6     7     8     9 
    +-----+-----+-----+-----+-----+-----+-----+-----+-----+-----+
 0  |   0 |  30 |  60 |  90 | 120 | 150 | 180 | 210 | 240 | 270 |
    +-----+-----+-----+-----+-----+-----+-----+-----+-----+-----+
 1  |   1 |  31 |  61 |  91 | 121 | 151 | 181 | 211 | 241 | 271 |
    +-----+-----+-----+-----+-----+-----+-----+-----+-----+-----+
 2  |   2 |  32 |  62 |  92 | 122 | 152 | 182 | 212 | 242 | 272 |
    +-----+-----+-----+-----+-----+-----+-----+-----+-----+-----+
 3  |   3 |  33 |  63 |  93 | 123 | 153 | 183 | 213 | 243 | 273 |
    +-----+-----+-----+-----+-----+-----+-----+-----+-----+-----+
 4  |   4 |  34 |  64 |  94 | 124 | 154 | 184 | 214 | 244 | 274 |
    +-----+-----+-----+-----+-----+-----+-----+-----+-----+-----+
 5  |   5 |  35 |  65 |  95 | 125 | 155 | 185 | 215 | 245 | 275 |
    +-----+-----+-----+-----+-----+-----+-----+-----+-----+-----+
 6  |   6 |  36 |  66 |  96 | 126 | 156 | 186 | 216 | 246 | 276 |
    +-----+-----+-----+-----+-----+-----+-----+-----+-----+-----+
 7  |   7 |  37 |  67 |  97 | 127 | 157 | 187 | 217 | 247 | 277 |
    +-----+-----+-----+-----+-----+-----+-----+-----+-----+-----+
 8  |   8 |  38 |  68 |  98 | 128 | 158 | 188 | 218 | 248 | 278 |
    +-----+-----+-----+-----+-----+-----+-----+-----+-----+-----+
 9  |   9 |  39 |  69 |  99 | 129 | 159 | 189 | 219 | 249 | 279 |
    +-----+-----+-----+-----+-----+-----+-----+-----+-----+-----+
10  |  10 |  40 |  70 | 100 | 130 | 160 | 190 | 220 | 250 | 280 |
    +-----+-----+-----+-----+-----+-----+-----+-----+-----+-----+
11  |  11 |  41 |  71 | 101 | 131 | 161 | 191 | 221 | 251 | 281 |
    +-----+-----+-----+-----+-----+-----+-----+-----+-----+-----+
12  |  12 |  42 |  72 | 102 | 132 | 162 | 192 | 222 | 252 | 282 |
    +-----+-----+-----+-----+-----+-----+-----+-----+-----+-----+
13  |  13 |  43 |  73 | 103 | 133 | 163 | 193 | 223 | 253 | 283 |
    +-----+-----+-----+-----+-----+-----+-----+-----+-----+-----+
14  |  14 |  44 |  74 | 104 | 134 | 164 | 194 | 224 | 254 | 284 |
    +-----+-----+-----+-----+-----+-----+-----+-----+-----+-----+
15  |  15 |  45 |  75 | 105 | 135 | 165 | 195 | 225 | 255 | 285 |
    +-----+-----+-----+-----+-----+-----+-----+-----+-----+-----+
16  |  16 |  46 |  76 | 106 | 136 | 166 | 196 | 226 | 256 | 286 |
    +-----+-----+-----+-----+-----+-----+-----+-----+-----+-----+
17  |  17 |  47 |  77 | 107 | 137 | 167 | 197 | 227 | 257 | 287 |
    +-----+-----+-----+-----+-----+-----+-----+-----+-----+-----+
18  |  18 |  48 |  78 | 108 | 138 | 168 | 198 | 228 | 258 | 288 |
    +-----+-----+-----+-----+-----+-----+-----+-----+-----+-----+
19  |  19 |  49 |  79 | 109 | 139 | 169 | 199 | 229 | 259 | 289 |
    +-----+-----+-----+-----+-----+-----+-----+-----+-----+-----+
20  |  20 |  50 |  80 | 110 | 140 | 170 | 200 | 230 | 260 | 290 |
    +-----+-----+-----+-----+-----+-----+-----+-----+-----+-----+
21  |  21 |  51 |  81 | 111 | 141 | 171 | 201 | 231 | 261 | 291 |
    +-----+-----+-----+-----+-----+-----+-----+-----+-----+-----+
22  |  22 |  52 |  82 | 112 | 142 | 172 | 202 | 232 | 262 | 292 |
    +-----+-----+-----+-----+-----+-----+-----+-----+-----+-----+
23  |  23 |  53 |  83 | 113 | 143 | 173 | 203 | 233 | 263 | 293 |
    +-----+-----+-----+-----+-----+-----+-----+-----+-----+-----+
24  |  24 |  54 |  84 | 114 | 144 | 174 | 204 | 234 | 264 | 294 |
    +-----+-----+-----+-----+-----+-----+-----+-----+-----+-----+
25  |  25 |  55 |  85 | 115 | 145 | 175 | 205 | 235 | 265 | 295 |
    +-----+-----+-----+-----+-----+-----+-----+-----+-----+-----+
26  |  26 |  56 |  86 | 116 | 146 | 176 | 206 | 236 | 266 | 296 |
    +-----+-----+-----+-----+-----+-----+-----+-----+-----+-----+
27  |  27 |  57 |  87 | 117 | 147 | 177 | 207 | 237 | 267 | 297 |
    +-----+-----+-----+-----+-----+-----+-----+-----+-----+-----+
28  |  28 |  58 |  88 | 118 | 148 | 178 | 208 | 238 | 268 | 298 |
    +-----+-----+-----+-----+-----+-----+-----+-----+-----+-----+
29  |  29 |  59 |  89 | 119 | 149 | 179 | 209 | 239 | 269 | 299 |
    +-----+-----+-----+-----+-----+-----+-----+-----+-----+-----+
